$hessian
Dimension     21
  0.184370449398401     
  0.256444606782069       0.762539096755854     
  1.628125513660020E-004  4.953977803188530E-004  2.245769487885729E-002
 -0.191284824180939      -0.220045293348537      -1.395188489842739E-004
  0.642933740133608     
 -0.222788355429349      -0.693301824399763      -4.282607773427522E-004
  0.125629257895494       0.929753337106192     
 -1.418012154492381E-004 -4.259507384041631E-004 -5.774244116444693E-002
  2.895834914609416E-005  5.220433072804650E-004  0.175307211406044     
 -1.015066324555907E-002 -2.971891056474853E-002 -1.752702134445821E-005
 -0.277500209570430      -8.799077227495088E-003  2.144560059560824E-005
  0.300763727333077     
 -4.971346127144229E-002 -1.678475770490647E-002 -1.735043327729964E-005
 -1.231454410460687E-002 -6.149048190368335E-002 -1.479883586125515E-006
  4.132875454402067E-002  7.193819246606541E-002
 -3.296130163012287E-005 -2.033750912034470E-005  1.784159529818978E-002
  1.834658029529189E-005 -1.405744647160439E-006 -5.845246814418799E-002
 -5.584834195069595E-006  3.163618412600338E-005  2.043182836292020E-002
  2.506819801438852E-002 -1.078665270940167E-002 -9.438743358281163E-006
 -0.170495213307989       0.111230793088499       9.345440860421492E-005
 -1.370760756166840E-002  1.961765966766455E-002  1.854365857877224E-005
  0.158867316235949     
  1.046363924351035E-002 -5.092035932293293E-002 -5.101994879758393E-005
  0.110140699110767      -0.173350258783154      -9.324300179359797E-005
 -2.884795450562028E-003  6.434566728647825E-003 -8.909453293315451E-006
 -0.119335392109341       0.218492772164603     
  7.441683901379706E-006 -4.927509934138087E-005  2.009862539002513E-002
  9.318164038982533E-005 -9.319709995648769E-005 -5.981985269940604E-002
  2.222125677714377E-006 -1.190852728235404E-005  1.940330979852931E-002
 -1.035718001087705E-004  1.534496140076252E-004  2.087097653725511E-002
 -1.274106777590328E-002 -9.970626504750280E-004  7.817916002443916E-006
  1.204623864249114E-003  4.677761453642645E-003  3.407875052960178E-006
 -1.076901809141827E-003 -6.311144495288792E-004 -1.579483853158253E-006
  5.741359937850013E-004  2.940377463308283E-004  1.237174995974470E-006
  0.667073257243213     
  9.091904469269801E-004  3.491598078718711E-003  2.943869108600779E-006
  9.886078851285250E-004 -2.700126867516668E-003 -2.568320391040143E-006
  1.948445275173271E-004  7.932491466568577E-004  1.018735529029026E-006
  1.108076647774328E-004  1.026751721147835E-003  1.221532976012554E-006
  2.066030420463683E-002  0.431205935924796     
  1.246768200752896E-006  1.946783683238764E-006  3.042742084525347E-003
 -3.542663178199518E-006 -3.303068313289069E-006 -4.678366494826059E-004
  2.623675347130743E-007  2.203334207117453E-006 -5.806255946356531E-004
  2.103112932171949E-006  1.882410369336040E-006 -6.847024198640417E-006
  1.429726675925229E-003  2.024624012664828E-003  2.991464077843120E-003
 -1.236743709820640E-003  5.793088712199423E-004  5.349313346606784E-006
  2.583412693383442E-004  3.880939637111178E-004 -7.350516614348666E-007
  1.365272262768766E-004  5.135998171940364E-006 -7.826640140853562E-007
  1.895522740660458E-004  3.318244340529044E-005 -8.387418765685946E-008
 -0.333106738562329      -0.203776097247824      -1.620787307340765E-003
  0.362391789338858     
  2.194186031878686E-003  1.920912065800015E-005 -4.342995386287372E-006
 -2.176632074700844E-004 -1.256262607396316E-003 -8.352112056360569E-007
 -6.683506066998196E-005  2.007285643543606E-004  4.773065226897329E-007
 -2.214054027495122E-005  2.005540546380770E-004 -1.287177946259202E-007
 -0.260417035815659      -0.228161365419176      -1.583225750952863E-003
  0.233668255245557       0.215624410037230     
  8.706512260536645E-006 -1.553884081322076E-006  5.105572015138139E-005
  2.101067660675461E-006  1.652592630438137E-007  1.299570928389457E-004
  9.585052318801361E-007 -8.724285448194990E-007  2.525913532725991E-005
 -1.972211376119567E-006 -1.477545594991711E-006 -1.581873382657386E-004
 -1.884312410791959E-003 -1.469687626742606E-003  3.142376535573421E-004
  1.817718459606538E-003  1.472185127448332E-003 -4.130793151059520E-005
  5.974651688399321E-003  4.524003515445497E-003 -9.495166845026852E-006
 -5.116457815089140E-003 -1.033847415137544E-002 -4.729967100156517E-006
  1.535127889110828E-003  1.707569628331171E-003  4.018044938605824E-006
 -4.963822187382394E-004  1.288629596164109E-003 -4.269503024455222E-007
 -0.321927309120637       0.180912342482237       1.909910457764248E-004
 -2.863272774370579E-002  2.486123337750976E-002  5.680007768071012E-005
  0.348663097120851     
  2.490194120318442E-003 -5.042962772220981E-003  2.632505428511675E-006
 -4.181064506377750E-003  2.345617737445106E-003  2.033847962707825E-006
 -5.398075827312866E-005 -1.091497270863272E-003 -2.479519190294532E-006
 -8.150749111942215E-004 -1.884026594437926E-003 -1.617023661505143E-007
  0.236413109462822      -0.205656042604629      -4.441277216181218E-004
 -3.089787922853304E-002  1.337272625085136E-002  1.241098330108999E-006
 -0.202955304254631       0.197956185239911     
 -5.444998406441587E-006 -2.273333025749552E-007 -5.749272244589316E-003
  4.738757664223639E-007  3.958123478604591E-006  1.045430138723483E-003
 -1.776743762008994E-006 -2.228246019127024E-006  1.331101159949491E-003
  8.815737473629103E-007 -6.820739932316311E-007 -3.880246268108674E-004
  4.437022525640949E-004 -5.575522030630403E-004 -5.293134547332115E-003
 -2.006788757125747E-004  1.158702413262607E-004 -3.210143311889770E-004
 -2.371570841496548E-004  4.408614913623901E-004  9.374914455111377E-003
$end
